301
1.8604651162790697 0.0 2.75
1.8604651162790697 0.0 2.5
1.8604651162790697 0.0 2.25
1.8604651162790697 0.0 2.0
1.8604651162790697 0.0 1.8
1.8604651162790697 0.0 1.6
1.8604651162790697 0.0 1.5
1.8604651162790697 0.0 1.4
1.8604651162790697 0.0 1.3
1.8604651162790697 0.0 1.2
1.8604651162790697 0.0 1.1
1.8604651162790697 0.0 1.0
1.8604651162790697 0.0 0.9
1.8604651162790697 0.0 0.8
1.8604651162790697 0.0 0.7
1.8604651162790697 0.0 0.6
1.8604651162790697 0.0 0.5
1.8604651162790697 0.0 0.4
1.8604651162790697 0.0 0.3
1.8604651162790697 0.0 0.2
1.8604651162790697 0.0 0.1
1.8604651162790697 0.0 -0.0
1.8604651162790697 0.0 -0.1
1.8604651162790697 0.0 -0.2
1.8604651162790697 0.0 -0.3
1.8604651162790697 0.0 -0.4
1.8604651162790697 0.0 -0.5
1.8604651162790697 0.0 -0.6
1.8604651162790697 0.0 -0.7
1.8604651162790697 0.0 -0.8
1.8604651162790697 0.0 -0.9
1.8604651162790697 0.0 -1.0
1.8604651162790697 0.0 -1.1
1.8604651162790697 0.0 -1.2
1.8604651162790697 0.0 -1.3
1.8604651162790697 0.0 -1.4
1.8604651162790697 0.0 -1.5
1.8604651162790697 0.0 -1.6
1.8604651162790697 0.0 -1.8
1.8604651162790697 0.0 -2.0
1.8604651162790697 0.0 -2.25
1.8604651162790697 0.0 -2.5
1.8604651162790697 0.0 -2.75
1.8604651162790697 0.18767441860465117 2.75
1.8604651162790697 0.18767441860465117 2.5
1.8604651162790697 0.18767441860465117 2.25
1.8604651162790697 0.18767441860465117 2.0
1.8604651162790697 0.18767441860465117 1.8
1.8604651162790697 0.18767441860465117 1.6
1.8604651162790697 0.18767441860465117 1.5
1.8604651162790697 0.18767441860465117 1.4
1.8604651162790697 0.18767441860465117 1.3
1.8604651162790697 0.18767441860465117 1.2
1.8604651162790697 0.18767441860465117 1.1
1.8604651162790697 0.18767441860465117 1.0
1.8604651162790697 0.18767441860465117 0.9
1.8604651162790697 0.18767441860465117 0.8
1.8604651162790697 0.18767441860465117 0.7
1.8604651162790697 0.18767441860465117 0.6
1.8604651162790697 0.18767441860465117 0.5
1.8604651162790697 0.18767441860465117 0.4
1.8604651162790697 0.18767441860465117 0.3
1.8604651162790697 0.18767441860465117 0.2
1.8604651162790697 0.18767441860465117 0.1
1.8604651162790697 0.18767441860465117 -0.0
1.8604651162790697 0.18767441860465117 -0.1
1.8604651162790697 0.18767441860465117 -0.2
1.8604651162790697 0.18767441860465117 -0.3
1.8604651162790697 0.18767441860465117 -0.4
1.8604651162790697 0.18767441860465117 -0.5
1.8604651162790697 0.18767441860465117 -0.6
1.8604651162790697 0.18767441860465117 -0.7
1.8604651162790697 0.18767441860465117 -0.8
1.8604651162790697 0.18767441860465117 -0.9
1.8604651162790697 0.18767441860465117 -1.0
1.8604651162790697 0.18767441860465117 -1.1
1.8604651162790697 0.18767441860465117 -1.2
1.8604651162790697 0.18767441860465117 -1.3
1.8604651162790697 0.18767441860465117 -1.4
1.8604651162790697 0.18767441860465117 -1.5
1.8604651162790697 0.18767441860465117 -1.6
1.8604651162790697 0.18767441860465117 -1.8
1.8604651162790697 0.18767441860465117 -2.0
1.8604651162790697 0.18767441860465117 -2.25
1.8604651162790697 0.18767441860465117 -2.5
1.8604651162790697 0.18767441860465117 -2.75
1.8604651162790697 0.37534883720930234 2.75
1.8604651162790697 0.37534883720930234 2.5
1.8604651162790697 0.37534883720930234 2.25
1.8604651162790697 0.37534883720930234 2.0
1.8604651162790697 0.37534883720930234 1.8
1.8604651162790697 0.37534883720930234 1.6
1.8604651162790697 0.37534883720930234 1.5
1.8604651162790697 0.37534883720930234 1.4
1.8604651162790697 0.37534883720930234 1.3
1.8604651162790697 0.37534883720930234 1.2
1.8604651162790697 0.37534883720930234 1.1
1.8604651162790697 0.37534883720930234 1.0
1.8604651162790697 0.37534883720930234 0.9
1.8604651162790697 0.37534883720930234 0.8
1.8604651162790697 0.37534883720930234 0.7
1.8604651162790697 0.37534883720930234 0.6
1.8604651162790697 0.37534883720930234 0.5
1.8604651162790697 0.37534883720930234 0.4
1.8604651162790697 0.37534883720930234 0.3
1.8604651162790697 0.37534883720930234 0.2
1.8604651162790697 0.37534883720930234 0.1
1.8604651162790697 0.37534883720930234 -0.0
1.8604651162790697 0.37534883720930234 -0.1
1.8604651162790697 0.37534883720930234 -0.2
1.8604651162790697 0.37534883720930234 -0.3
1.8604651162790697 0.37534883720930234 -0.4
1.8604651162790697 0.37534883720930234 -0.5
1.8604651162790697 0.37534883720930234 -0.6
1.8604651162790697 0.37534883720930234 -0.7
1.8604651162790697 0.37534883720930234 -0.8
1.8604651162790697 0.37534883720930234 -0.9
1.8604651162790697 0.37534883720930234 -1.0
1.8604651162790697 0.37534883720930234 -1.1
1.8604651162790697 0.37534883720930234 -1.2
1.8604651162790697 0.37534883720930234 -1.3
1.8604651162790697 0.37534883720930234 -1.4
1.8604651162790697 0.37534883720930234 -1.5
1.8604651162790697 0.37534883720930234 -1.6
1.8604651162790697 0.37534883720930234 -1.8
1.8604651162790697 0.37534883720930234 -2.0
1.8604651162790697 0.37534883720930234 -2.25
1.8604651162790697 0.37534883720930234 -2.5
1.8604651162790697 0.37534883720930234 -2.75
1.8604651162790697 0.5630232558139536 2.75
1.8604651162790697 0.5630232558139536 2.5
1.8604651162790697 0.5630232558139536 2.25
1.8604651162790697 0.5630232558139536 2.0
1.8604651162790697 0.5630232558139536 1.8
1.8604651162790697 0.5630232558139536 1.6
1.8604651162790697 0.5630232558139536 1.5
1.8604651162790697 0.5630232558139536 1.4
1.8604651162790697 0.5630232558139536 1.3
1.8604651162790697 0.5630232558139536 1.2
1.8604651162790697 0.5630232558139536 1.1
1.8604651162790697 0.5630232558139536 1.0
1.8604651162790697 0.5630232558139536 0.9
1.8604651162790697 0.5630232558139536 0.8
1.8604651162790697 0.5630232558139536 0.7
1.8604651162790697 0.5630232558139536 0.6
1.8604651162790697 0.5630232558139536 0.5
1.8604651162790697 0.5630232558139536 0.4
1.8604651162790697 0.5630232558139536 0.3
1.8604651162790697 0.5630232558139536 0.2
1.8604651162790697 0.5630232558139536 0.1
1.8604651162790697 0.5630232558139536 -0.0
1.8604651162790697 0.5630232558139536 -0.1
1.8604651162790697 0.5630232558139536 -0.2
1.8604651162790697 0.5630232558139536 -0.3
1.8604651162790697 0.5630232558139536 -0.4
1.8604651162790697 0.5630232558139536 -0.5
1.8604651162790697 0.5630232558139536 -0.6
1.8604651162790697 0.5630232558139536 -0.7
1.8604651162790697 0.5630232558139536 -0.8
1.8604651162790697 0.5630232558139536 -0.9
1.8604651162790697 0.5630232558139536 -1.0
1.8604651162790697 0.5630232558139536 -1.1
1.8604651162790697 0.5630232558139536 -1.2
1.8604651162790697 0.5630232558139536 -1.3
1.8604651162790697 0.5630232558139536 -1.4
1.8604651162790697 0.5630232558139536 -1.5
1.8604651162790697 0.5630232558139536 -1.6
1.8604651162790697 0.5630232558139536 -1.8
1.8604651162790697 0.5630232558139536 -2.0
1.8604651162790697 0.5630232558139536 -2.25
1.8604651162790697 0.5630232558139536 -2.5
1.8604651162790697 0.5630232558139536 -2.75
1.8604651162790697 0.7506976744186047 2.75
1.8604651162790697 0.7506976744186047 2.5
1.8604651162790697 0.7506976744186047 2.25
1.8604651162790697 0.7506976744186047 2.0
1.8604651162790697 0.7506976744186047 1.8
1.8604651162790697 0.7506976744186047 1.6
1.8604651162790697 0.7506976744186047 1.5
1.8604651162790697 0.7506976744186047 1.4
1.8604651162790697 0.7506976744186047 1.3
1.8604651162790697 0.7506976744186047 1.2
1.8604651162790697 0.7506976744186047 1.1
1.8604651162790697 0.7506976744186047 1.0
1.8604651162790697 0.7506976744186047 0.9
1.8604651162790697 0.7506976744186047 0.8
1.8604651162790697 0.7506976744186047 0.7
1.8604651162790697 0.7506976744186047 0.6
1.8604651162790697 0.7506976744186047 0.5
1.8604651162790697 0.7506976744186047 0.4
1.8604651162790697 0.7506976744186047 0.3
1.8604651162790697 0.7506976744186047 0.2
1.8604651162790697 0.7506976744186047 0.1
1.8604651162790697 0.7506976744186047 -0.0
1.8604651162790697 0.7506976744186047 -0.1
1.8604651162790697 0.7506976744186047 -0.2
1.8604651162790697 0.7506976744186047 -0.3
1.8604651162790697 0.7506976744186047 -0.4
1.8604651162790697 0.7506976744186047 -0.5
1.8604651162790697 0.7506976744186047 -0.6
1.8604651162790697 0.7506976744186047 -0.7
1.8604651162790697 0.7506976744186047 -0.8
1.8604651162790697 0.7506976744186047 -0.9
1.8604651162790697 0.7506976744186047 -1.0
1.8604651162790697 0.7506976744186047 -1.1
1.8604651162790697 0.7506976744186047 -1.2
1.8604651162790697 0.7506976744186047 -1.3
1.8604651162790697 0.7506976744186047 -1.4
1.8604651162790697 0.7506976744186047 -1.5
1.8604651162790697 0.7506976744186047 -1.6
1.8604651162790697 0.7506976744186047 -1.8
1.8604651162790697 0.7506976744186047 -2.0
1.8604651162790697 0.7506976744186047 -2.25
1.8604651162790697 0.7506976744186047 -2.5
1.8604651162790697 0.7506976744186047 -2.75
1.8604651162790697 0.9383720930232559 2.75
1.8604651162790697 0.9383720930232559 2.5
1.8604651162790697 0.9383720930232559 2.25
1.8604651162790697 0.9383720930232559 2.0
1.8604651162790697 0.9383720930232559 1.8
1.8604651162790697 0.9383720930232559 1.6
1.8604651162790697 0.9383720930232559 1.5
1.8604651162790697 0.9383720930232559 1.4
1.8604651162790697 0.9383720930232559 1.3
1.8604651162790697 0.9383720930232559 1.2
1.8604651162790697 0.9383720930232559 1.1
1.8604651162790697 0.9383720930232559 1.0
1.8604651162790697 0.9383720930232559 0.9
1.8604651162790697 0.9383720930232559 0.8
1.8604651162790697 0.9383720930232559 0.7
1.8604651162790697 0.9383720930232559 0.6
1.8604651162790697 0.9383720930232559 0.5
1.8604651162790697 0.9383720930232559 0.4
1.8604651162790697 0.9383720930232559 0.3
1.8604651162790697 0.9383720930232559 0.2
1.8604651162790697 0.9383720930232559 0.1
1.8604651162790697 0.9383720930232559 -0.0
1.8604651162790697 0.9383720930232559 -0.1
1.8604651162790697 0.9383720930232559 -0.2
1.8604651162790697 0.9383720930232559 -0.3
1.8604651162790697 0.9383720930232559 -0.4
1.8604651162790697 0.9383720930232559 -0.5
1.8604651162790697 0.9383720930232559 -0.6
1.8604651162790697 0.9383720930232559 -0.7
1.8604651162790697 0.9383720930232559 -0.8
1.8604651162790697 0.9383720930232559 -0.9
1.8604651162790697 0.9383720930232559 -1.0
1.8604651162790697 0.9383720930232559 -1.1
1.8604651162790697 0.9383720930232559 -1.2
1.8604651162790697 0.9383720930232559 -1.3
1.8604651162790697 0.9383720930232559 -1.4
1.8604651162790697 0.9383720930232559 -1.5
1.8604651162790697 0.9383720930232559 -1.6
1.8604651162790697 0.9383720930232559 -1.8
1.8604651162790697 0.9383720930232559 -2.0
1.8604651162790697 0.9383720930232559 -2.25
1.8604651162790697 0.9383720930232559 -2.5
1.8604651162790697 0.9383720930232559 -2.75
1.8604651162790697 1.1260465116279073 2.75
1.8604651162790697 1.1260465116279073 2.5
1.8604651162790697 1.1260465116279073 2.25
1.8604651162790697 1.1260465116279073 2.0
1.8604651162790697 1.1260465116279073 1.8
1.8604651162790697 1.1260465116279073 1.6
1.8604651162790697 1.1260465116279073 1.5
1.8604651162790697 1.1260465116279073 1.4
1.8604651162790697 1.1260465116279073 1.3
1.8604651162790697 1.1260465116279073 1.2
1.8604651162790697 1.1260465116279073 1.1
1.8604651162790697 1.1260465116279073 1.0
1.8604651162790697 1.1260465116279073 0.9
1.8604651162790697 1.1260465116279073 0.8
1.8604651162790697 1.1260465116279073 0.7
1.8604651162790697 1.1260465116279073 0.6
1.8604651162790697 1.1260465116279073 0.5
1.8604651162790697 1.1260465116279073 0.4
1.8604651162790697 1.1260465116279073 0.3
1.8604651162790697 1.1260465116279073 0.2
1.8604651162790697 1.1260465116279073 0.1
1.8604651162790697 1.1260465116279073 -0.0
1.8604651162790697 1.1260465116279073 -0.1
1.8604651162790697 1.1260465116279073 -0.2
1.8604651162790697 1.1260465116279073 -0.3
1.8604651162790697 1.1260465116279073 -0.4
1.8604651162790697 1.1260465116279073 -0.5
1.8604651162790697 1.1260465116279073 -0.6
1.8604651162790697 1.1260465116279073 -0.7
1.8604651162790697 1.1260465116279073 -0.8
1.8604651162790697 1.1260465116279073 -0.9
1.8604651162790697 1.1260465116279073 -1.0
1.8604651162790697 1.1260465116279073 -1.1
1.8604651162790697 1.1260465116279073 -1.2
1.8604651162790697 1.1260465116279073 -1.3
1.8604651162790697 1.1260465116279073 -1.4
1.8604651162790697 1.1260465116279073 -1.5
1.8604651162790697 1.1260465116279073 -1.6
1.8604651162790697 1.1260465116279073 -1.8
1.8604651162790697 1.1260465116279073 -2.0
1.8604651162790697 1.1260465116279073 -2.25
1.8604651162790697 1.1260465116279073 -2.5
1.8604651162790697 1.1260465116279073 -2.75
