Title: NACA0021
Thickness to Chord Ratio: 0.21
Zero Lift AOA (deg): 0.0
Reverse Camber Direction: 0

Reynolds Number: 1e3
BV Dyn. Stall Model - Positive Stall AOA (deg): 1.0
BV Dyn. Stall Model - Negative Stall AOA (deg): -1.0
LB Dyn. Stall Model - Lift Coeff. Slope at Zero Lift AOA (per radian): 5.73
LB Dyn. Stall Model - Positive Critical Lift Coeff.: 1
LB Dyn. Stall Model - Negative Critical Lift Coeff.: -1
AOA (deg) CL CD Cm25
-180	0.0000	0.2107	0.0000
-170	-0.1493	0.2166	0.4000
-160	0.2488	0.2334	0.0021
-150	0.1968	0.2582	0.0290
-140	0.1683	0.2866	0.0453
-130	0.1422	0.3132	0.0582
-120	0.1120	0.3325	0.0684
-110	0.0769	0.3396	0.0752
-100	0.0384	0.3304	0.0778
-90	0.0000	0.3030	0.0757
-80	-0.0384	0.3304	0.0882
-70	-0.0769	0.3396	0.0975
-60	-0.1120	0.3325	0.1036
-50	-0.1422	0.3132	0.1074
-40	-0.1683	0.2866	0.1113
-30	-0.1968	0.2582	0.1208
-25	-0.2172	0.2450	0.0573
-24.5	-0.2198	0.2438	0.0530
-24	-0.2224	0.2426	0.0487
-23.5	-0.2251	0.2414	0.0445
-23	-0.2280	0.2402	0.0404
-22.5	-0.2311	0.2390	0.0363
-22	-0.2343	0.2378	0.0324
-21.5	-0.2376	0.2367	0.0285
-21	-0.2411	0.2356	0.0247
-20.5	-0.2449	0.2345	0.0209
-20	-0.2488	0.2334	0.0173
-19.5	-0.2530	0.2323	0.0137
-19	-0.2574	0.2313	0.0103
-18.5	-0.2622	0.2303	0.0069
-18	-0.2672	0.2293	0.0037
-17.5	-0.2725	0.2283	0.0005
-17	-0.2782	0.2274	-0.0025
-16.5	-0.2843	0.2264	-0.0054
-16	-0.3871	0.2219	-0.0082
-15.5	-0.3694	0.2180	-0.0109
-15	-0.3519	0.2141	-0.0135
-14.5	-0.3344	0.2104	-0.0159
-14	-0.3172	0.2067	-0.0181
-13.5	-0.3001	0.2031	-0.0203
-13	-0.2832	0.1996	-0.0222
-12.5	-0.2666	0.1962	-0.0240
-12	-0.2501	0.1928	-0.0256
-11.5	-0.2340	0.1896	-0.0271
-11	-0.2181	0.1865	-0.0283
-10.5	-0.2026	0.1834	-0.0294
-10	-0.1873	0.1805	-0.0303
-9.5	-0.1725	0.1777	-0.0309
-9	-0.1580	0.1750	-0.0314
-8.5	-0.1440	0.1724	-0.0316
-8	-0.1304	0.1700	-0.0316
-7.5	-0.1173	0.1676	-0.0314
-7	-0.1048	0.1655	-0.0309
-6.5	-0.0928	0.1634	-0.0301
-6	-0.0815	0.1615	-0.0292
-5.5	-0.0709	0.1597	-0.0279
-5	-0.0611	0.1581	-0.0264
-4.5	-0.0520	0.1567	-0.0246
-4	-0.0437	0.1554	-0.0226
-3.5	-0.0363	0.1542	-0.0204
-3	-0.0296	0.1532	-0.0179
-2.5	-0.0236	0.1524	-0.0152
-2	-0.0182	0.1517	-0.0124
-1.5	-0.0132	0.1512	-0.0094
-1	-0.0085	0.1508	-0.0063
-0.5	-0.0042	0.1505	-0.0032
0	0.0000	0.1505	0.0000
0.5	0.0042	0.1505	0.0032
1	0.0085	0.1508	0.0063
1.5	0.0132	0.1512	0.0094
2	0.0182	0.1517	0.0124
2.5	0.0236	0.1524	0.0152
3	0.0296	0.1532	0.0179
3.5	0.0363	0.1542	0.0204
4	0.0438	0.1554	0.0226
4.5	0.0521	0.1567	0.0246
5	0.0612	0.1582	0.0264
5.5	0.0710	0.1598	0.0279
6	0.0817	0.1615	0.0291
6.5	0.0930	0.1634	0.0301
7	0.1050	0.1655	0.0309
7.5	0.1175	0.1677	0.0313
8	0.1306	0.1700	0.0316
8.5	0.1443	0.1725	0.0316
9	0.1584	0.1751	0.0313
9.5	0.1729	0.1778	0.0309
10	0.1878	0.1806	0.0302
10.5	0.2030	0.1836	0.0293
11	0.2186	0.1866	0.0283
11.5	0.2346	0.1898	0.0270
12	0.2508	0.1931	0.0255
12.5	0.2672	0.1964	0.0239
13	0.2840	0.1999	0.0221
13.5	0.3009	0.2034	0.0201
14	0.3180	0.2071	0.0180
14.5	0.3354	0.2108	0.0157
15	0.3528	0.2146	0.0133
15.5	0.3705	0.2185	0.0107
16	0.3882	0.2224	0.0080
16.5	0.4061	0.2264	0.0052
20	0.3555	0.2334	-0.0028
30	0.2811	0.2582	-0.0360
40	0.2404	0.2866	-0.0532
50	0.2031	0.3132	-0.0651
60	0.1600	0.3325	-0.0732
70	0.1098	0.3396	-0.0777
80	0.0549	0.3304	-0.0785
90	0.0000	0.3030	-0.0757
100	-0.0384	0.3304	-0.0882
110	-0.0769	0.3396	-0.0975
120	-0.1120	0.3325	-0.1036
130	-0.1422	0.3132	-0.1074
140	-0.1683	0.2866	-0.1113
150	-0.1968	0.2582	-0.1208
160	-0.2488	0.2334	-0.1547
170	0.1493	0.2166	-0.5000
180	0.0000	0.2107	0.0000

Reynolds Number: 5e3
BV Dyn. Stall Model - Positive Stall AOA (deg): 1.0
BV Dyn. Stall Model - Negative Stall AOA (deg): -1.0
LB Dyn. Stall Model - Lift Coeff. Slope at Zero Lift AOA (per radian): 5.73
LB Dyn. Stall Model - Positive Critical Lift Coeff.: 1
LB Dyn. Stall Model - Negative Critical Lift Coeff.: -1
AOA (deg) CL CD Cm25
-180	0.0000	0.1685	0.0000
-170	-0.1154	0.1744	0.4000
-160	0.2070	0.1909	0.0028
-150	0.1682	0.2155	0.0114
-140	0.1469	0.2440	0.0198
-130	0.1260	0.2715	0.0276
-120	0.1004	0.2928	0.0338
-110	0.0695	0.3031	0.0373
-100	0.0350	0.2989	0.0375
-90	0.0000	0.2780	0.0339
-80	-0.0350	0.2989	0.0414
-70	-0.0695	0.3031	0.0457
-60	-0.1004	0.2928	0.0468
-50	-0.1260	0.2715	0.0456
-40	-0.1469	0.2440	0.0436
-30	-0.1682	0.2155	0.0440
-25	-0.1833	0.2024	0.0659
-24.5	-0.1851	0.2012	0.0615
-24	-0.1871	0.2000	0.0571
-23.5	-0.1891	0.1988	0.0528
-23	-0.1913	0.1976	0.0486
-22.5	-0.1936	0.1964	0.0444
-22	-0.1960	0.1953	0.0403
-21.5	-0.1985	0.1941	0.0363
-21	-0.2012	0.1930	0.0323
-20.5	-0.2040	0.1920	0.0284
-20	-0.2070	0.1909	0.0246
-19.5	-0.2102	0.1898	0.0208
-19	-0.2135	0.1888	0.0172
-18.5	-0.2171	0.1878	0.0136
-18	-0.2209	0.1868	0.0100
-17.5	-0.2250	0.1859	0.0066
-17	-0.2294	0.1849	0.0033
-16.5	-0.2341	0.1840	0.0000
-16	-0.3124	0.1787	-0.0031
-15.5	-0.2921	0.1739	-0.0062
-15	-0.2720	0.1692	-0.0091
-14.5	-0.2520	0.1646	-0.0119
-14	-0.2321	0.1600	-0.0146
-13.5	-0.2124	0.1556	-0.0172
-13	-0.1928	0.1513	-0.0197
-12.5	-0.1734	0.1471	-0.0220
-12	-0.1544	0.1429	-0.0242
-11.5	-0.1356	0.1389	-0.0262
-11	-0.1172	0.1350	-0.0281
-10.5	-0.0991	0.1311	-0.0298
-10	-0.0815	0.1274	-0.0313
-9.5	-0.0644	0.1238	-0.0326
-9	-0.0478	0.1203	-0.0337
-8.5	-0.0319	0.1170	-0.0346
-8	-0.0167	0.1138	-0.0353
-7.5	-0.0024	0.1107	-0.0356
-7	0.0109	0.1079	-0.0358
-6.5	0.0231	0.1052	-0.0356
-6	0.0339	0.1027	-0.0350
-5.5	0.0431	0.1005	-0.0341
-5	0.0504	0.0985	-0.0328
-4.5	0.0556	0.0967	-0.0310
-4	0.0586	0.0952	-0.0289
-3.5	0.0594	0.0939	-0.0264
-3	0.0574	0.0929	-0.0235
-2.5	0.0527	0.0922	-0.0201
-2	0.0454	0.0916	-0.0165
-1.5	0.0360	0.0912	-0.0125
-1	0.0249	0.0910	-0.0084
-0.5	0.0127	0.0909	-0.0042
0	0.0000	0.0908	0.0000
0.5	-0.0127	0.0908	0.0042
1	-0.0249	0.0910	0.0084
1.5	-0.0360	0.0912	0.0125
2	-0.0454	0.0916	0.0165
2.5	-0.0527	0.0921	0.0201
3	-0.0574	0.0929	0.0235
3.5	-0.0593	0.0939	0.0264
4	-0.0586	0.0952	0.0289
4.5	-0.0555	0.0967	0.0310
5	-0.0503	0.0984	0.0328
5.5	-0.0429	0.1004	0.0341
6	-0.0337	0.1027	0.0350
6.5	-0.0228	0.1051	0.0355
7	-0.0106	0.1078	0.0357
7.5	0.0028	0.1107	0.0356
8	0.0173	0.1137	0.0352
8.5	0.0325	0.1169	0.0345
9	0.0485	0.1203	0.0336
9.5	0.0651	0.1238	0.0325
10	0.0823	0.1274	0.0312
10.5	0.1000	0.1312	0.0296
11	0.1181	0.1350	0.0279
11.5	0.1366	0.1390	0.0261
12	0.1554	0.1430	0.0240
12.5	0.1746	0.1472	0.0218
13	0.1940	0.1514	0.0195
13.5	0.2136	0.1558	0.0170
14	0.2334	0.1602	0.0144
14.5	0.2534	0.1648	0.0117
15	0.2735	0.1695	0.0088
15.5	0.2937	0.1743	0.0059
16	0.3140	0.1791	0.0028
16.5	0.3344	0.1840	-0.0004
20	0.2957	0.1909	-0.0864
30	0.2403	0.2155	-0.0943
40	0.2098	0.2440	-0.1010
50	0.1800	0.2715	-0.1065
60	0.1434	0.2928	-0.1100
70	0.0993	0.3031	-0.1110
80	0.0500	0.2989	-0.1094
90	0.0000	0.2780	-0.1051
100	-0.0350	0.2989	-0.1127
110	-0.0695	0.3031	-0.1170
120	-0.1004	0.2928	-0.1181
130	-0.1260	0.2715	-0.1169
140	-0.1469	0.2440	-0.1149
150	-0.1682	0.2155	-0.1153
160	-0.2070	0.1909	-0.1271
170	0.1154	0.1744	-0.5000
180	0.0000	0.1685	0.0000

Reynolds Number: 1e4
BV Dyn. Stall Model - Positive Stall AOA (deg): 1.0
BV Dyn. Stall Model - Negative Stall AOA (deg): -1.0
LB Dyn. Stall Model - Lift Coeff. Slope at Zero Lift AOA (per radian): 5.73
LB Dyn. Stall Model - Positive Critical Lift Coeff.: 1
LB Dyn. Stall Model - Negative Critical Lift Coeff.: -1
AOA (deg) CL CD Cm25
-180	0.0000	0.1818	0.0000
-170	-0.1112	0.1883	0.4000
-160	0.2378	0.2066	0.0137
-150	0.1908	0.2338	0.0210
-140	0.1651	0.2655	0.0291
-130	0.1406	0.2961	0.0370
-120	0.1115	0.3200	0.0433
-110	0.0769	0.3319	0.0468
-100	0.0386	0.3278	0.0468
-90	0.0000	0.3055	0.0426
-80	-0.0386	0.3278	0.0505
-70	-0.0769	0.3319	0.0548
-60	-0.1115	0.3200	0.0557
-50	-0.1406	0.2961	0.0542
-40	-0.1651	0.2655	0.0520
-30	-0.1908	0.2338	0.0526
-25	-0.2092	0.2194	0.0764
-24.5	-0.2114	0.2180	0.0725
-24	-0.2138	0.2167	0.0687
-23.5	-0.2163	0.2153	0.0655
-23	-0.2189	0.2140	0.0628
-22.5	-0.2217	0.2127	0.0589
-22	-0.2245	0.2115	0.0553
-21.5	-0.2276	0.2102	0.0520
-21	-0.2308	0.2090	0.0487
-20.5	-0.2342	0.2078	0.0456
-20	-0.2378	0.2066	0.0424
-19.5	-0.2416	0.2054	0.0391
-19	-0.2456	0.2043	0.0358
-18.5	-0.2499	0.2032	0.0326
-18	-0.2545	0.2021	0.0299
-17.5	-0.2594	0.2010	0.0258
-17	-0.2646	0.2000	0.0211
-16.5	-0.2702	0.1990	0.0176
-16	-0.3504	0.1904	0.0119
-15.5	-0.3129	0.1813	0.0052
-15	-0.2620	0.1664	-0.0050
-14.5	-0.2359	0.1599	-0.0093
-14	-0.2151	0.1548	-0.0121
-13.5	-0.1944	0.1498	-0.0148
-13	-0.1739	0.1449	-0.0173
-12.5	-0.1535	0.1401	-0.0197
-12	-0.1334	0.1354	-0.0220
-11.5	-0.1136	0.1307	-0.0242
-11	-0.0941	0.1262	-0.0262
-10.5	-0.0749	0.1218	-0.0280
-10	-0.0562	0.1175	-0.0297
-9.5	-0.0379	0.1134	-0.0312
-9	-0.0201	0.1093	-0.0325
-8.5	-0.0028	0.1055	-0.0336
-8	0.0137	0.1018	-0.0345
-7.5	0.0294	0.0983	-0.0351
-7	0.0441	0.0950	-0.0354
-6.5	0.0575	0.0920	-0.0354
-6	0.0694	0.0892	-0.0351
-5.5	0.0794	0.0867	-0.0343
-5	0.0869	0.0846	-0.0331
-4.5	0.0919	0.0828	-0.0314
-4	0.0939	0.0813	-0.0292
-3.5	0.0923	0.0802	-0.0265
-3	0.0868	0.0794	-0.0233
-2.5	0.0775	0.0789	-0.0197
-2	0.0651	0.0786	-0.0158
-1.5	0.0505	0.0785	-0.0119
-1	0.0344	0.0785	-0.0079
-0.5	0.0174	0.0785	-0.0039
0	0.0000	0.0785	0.0000
0.5	-0.0174	0.0784	0.0039
1	-0.0344	0.0784	0.0079
1.5	-0.0506	0.0785	0.0119
2	-0.0652	0.0786	0.0158
2.5	-0.0775	0.0788	0.0197
3	-0.0868	0.0793	0.0233
3.5	-0.0923	0.0801	0.0265
4	-0.0939	0.0812	0.0292
4.5	-0.0918	0.0827	0.0314
5	-0.0868	0.0845	0.0331
5.5	-0.0792	0.0867	0.0343
6	-0.0692	0.0891	0.0351
6.5	-0.0572	0.0919	0.0354
7	-0.0437	0.0949	0.0354
7.5	-0.0289	0.0982	0.0350
8	-0.0131	0.1017	0.0344
8.5	0.0035	0.1054	0.0335
9	0.0208	0.1093	0.0324
9.5	0.0387	0.1133	0.0311
10	0.0571	0.1175	0.0296
10.5	0.0760	0.1218	0.0279
11	0.0952	0.1262	0.0260
11.5	0.1148	0.1308	0.0240
12	0.1347	0.1354	0.0218
12.5	0.1548	0.1401	0.0195
13	0.1752	0.1450	0.0171
13.5	0.1958	0.1499	0.0145
14	0.2166	0.1550	0.0118
14.5	0.2375	0.1601	0.0090
15	0.2629	0.1663	0.0049
15.5	0.3149	0.1818	-0.0056
16	0.3524	0.1909	-0.0124
16.5	0.3860	0.1990	-0.0179
20	0.3397	0.2066	-0.0966
30	0.2726	0.2338	-0.1023
40	0.2358	0.2655	-0.1081
50	0.2009	0.2961	-0.1131
60	0.1593	0.3200	-0.1163
70	0.1098	0.3319	-0.1170
80	0.0551	0.3278	-0.1150
90	0.0000	0.3055	-0.1101
100	-0.0386	0.3278	-0.1180
110	-0.0769	0.3319	-0.1223
120	-0.1115	0.3200	-0.1232
130	-0.1406	0.2961	-0.1217
140	-0.1651	0.2655	-0.1195
150	-0.1908	0.2338	-0.1201
160	-0.2378	0.2066	-0.1334
170	0.1112	0.1883	-0.5000
180	0.0000	0.1818	0.0000

Reynolds Number: 2e4
BV Dyn. Stall Model - Positive Stall AOA (deg): 1.0
BV Dyn. Stall Model - Negative Stall AOA (deg): -1.0
LB Dyn. Stall Model - Lift Coeff. Slope at Zero Lift AOA (per radian): 5.73
LB Dyn. Stall Model - Positive Critical Lift Coeff.: 1
LB Dyn. Stall Model - Negative Critical Lift Coeff.: -1
AOA (deg) CL CD Cm25
-180	0.0000	0.1957	0.0000
-170	-0.1522	0.2014	0.4000
-160	0.3009	0.2176	0.0228
-150	0.2245	0.2415	0.0298
-140	0.1828	0.2690	0.0362
-130	0.1487	0.2949	0.0424
-120	0.1138	0.3140	0.0475
-110	0.0762	0.3215	0.0501
-100	0.0373	0.3135	0.0495
-90	0.0000	0.2883	0.0450
-80	-0.0373	0.3135	0.0539
-70	-0.0762	0.3215	0.0597
-60	-0.1138	0.3140	0.0627
-50	-0.1487	0.2949	0.0641
-40	-0.1828	0.2690	0.0661
-30	-0.2245	0.2415	0.0736
-24.5	-0.2587	0.2276	0.0635
-24	-0.2626	0.2265	0.0592
-23.5	-0.2666	0.2253	0.0561
-23	-0.2709	0.2241	0.0521
-22.5	-0.2753	0.2230	0.0491
-22	-0.2799	0.2219	0.0455
-21.5	-0.2848	0.2208	0.0425
-21	-0.2899	0.2197	0.0393
-20.5	-0.2953	0.2187	0.0365
-20	-0.3009	0.2176	0.0335
-19.5	-0.3069	0.2166	0.0306
-19	-0.3132	0.2156	0.0283
-18.5	-0.3199	0.2146	0.0254
-18	-0.3270	0.2136	0.0229
-17.5	-0.3345	0.2127	0.0209
-17	-0.3424	0.2118	0.0192
-16.5	-0.4597	0.2027	0.0167
-16	-0.4349	0.1955	0.0143
-15.5	-0.4126	0.1894	0.0123
-15	-0.3910	0.1837	0.0105
-14.5	-0.3696	0.1781	0.0087
-14	-0.3489	0.1729	0.0072
-13.5	-0.3299	0.1683	0.0060
-13	-0.3143	0.1646	0.0054
-12.5	-0.2884	0.1576	0.0035
-12	-0.2544	0.1494	0.0007
-11.5	-0.2326	0.1447	-0.0005
-11	-0.2099	0.1393	-0.0018
-10.5	-0.1745	0.1319	-0.0051
-10	-0.1452	0.1256	-0.0077
-9.5	-0.1190	0.1209	-0.0098
-9	-0.0801	0.1139	-0.0145
-8.5	-0.0272	0.1044	-0.0225
-8	0.0347	0.0944	-0.0330
-7.5	0.0521	0.0905	-0.0338
-7	0.0686	0.0868	-0.0344
-6.5	0.0837	0.0835	-0.0345
-6	0.0970	0.0805	-0.0343
-5.5	0.1079	0.0779	-0.0336
-5	0.1159	0.0757	-0.0324
-4.5	0.1205	0.0739	-0.0306
-4	0.1206	0.0726	-0.0281
-3.5	0.1151	0.0719	-0.0248
-3	0.1043	0.0716	-0.0211
-2.5	0.0895	0.0716	-0.0171
-2	0.0723	0.0718	-0.0132
-1.5	0.0542	0.0721	-0.0096
-1	0.0359	0.0723	-0.0062
-0.5	0.0179	0.0724	-0.0030
0	0.0000	0.0725	0.0000
0.5	-0.0179	0.0724	0.0030
1	-0.0359	0.0723	0.0062
1.5	-0.0542	0.0720	0.0096
2	-0.0724	0.0718	0.0132
2.5	-0.0896	0.0716	0.0171
3	-0.1044	0.0715	0.0211
3.5	-0.1152	0.0718	0.0249
4	-0.1206	0.0725	0.0281
4.5	-0.1205	0.0738	0.0306
5	-0.1158	0.0756	0.0324
5.5	-0.1078	0.0778	0.0336
6	-0.0967	0.0804	0.0343
6.5	-0.0833	0.0834	0.0345
7	-0.0681	0.0867	0.0343
7.5	-0.0515	0.0904	0.0338
8	-0.0340	0.0943	0.0329
8.5	0.0274	0.1042	0.0225
9	0.0803	0.1137	0.0145
9.5	0.1193	0.1207	0.0097
10	0.1458	0.1255	0.0076
10.5	0.1758	0.1319	0.0049
11	0.2107	0.1392	0.0017
11.5	0.2341	0.1448	0.0002
12	0.2557	0.1495	-0.0009
12.5	0.2896	0.1577	-0.0038
13	0.3159	0.1648	-0.0057
13.5	0.3314	0.1684	-0.0063
14	0.3504	0.1731	-0.0075
14.5	0.3712	0.1783	-0.0090
15	0.3926	0.1839	-0.0108
15.5	0.4142	0.1897	-0.0127
16	0.4365	0.1958	-0.0147
16.5	0.4613	0.2030	-0.0170
17	0.4892	0.2118	-0.0195
20	0.4299	0.2176	-0.0940
30	0.3208	0.2415	-0.0991
40	0.2612	0.2690	-0.1025
50	0.2124	0.2949	-0.1055
60	0.1625	0.3140	-0.1072
70	0.1089	0.3215	-0.1070
80	0.0533	0.3135	-0.1044
90	0.0000	0.2883	-0.0992
100	-0.0373	0.3135	-0.1082
110	-0.0762	0.3215	-0.1139
120	-0.1138	0.3140	-0.1169
130	-0.1487	0.2949	-0.1183
140	-0.1828	0.2690	-0.1203
150	-0.2245	0.2415	-0.1278
160	-0.3009	0.2176	-0.1558
170	0.1522	0.2014	-0.5000
180	0.0000	0.1957	0.0000

Reynolds Number: 4e4
BV Dyn. Stall Model - Positive Stall AOA (deg): 3.0
BV Dyn. Stall Model - Negative Stall AOA (deg): -3.0
LB Dyn. Stall Model - Lift Coeff. Slope at Zero Lift AOA (per radian): 4.309
LB Dyn. Stall Model - Positive Critical Lift Coeff.: 0.526
LB Dyn. Stall Model - Negative Critical Lift Coeff.: -0.526
AOA (deg) CL CD Cm25
-180	0.0000	0.2185	0.0000
-170	-0.1415	0.2238	0.4000
-160	-0.2830	0.2388	0.0014
-150	0.3224	0.2608	0.0359
-140	0.2421	0.2856	0.0510
-130	0.1834	0.3084	0.0607
-120	0.1321	0.3239	0.0679
-110	0.0839	0.3275	0.0726
-100	0.0391	0.3155	0.0741
-90	0.0000	0.2862	0.0716
-80	-0.0391	0.3155	0.0847
-70	-0.0839	0.3275	0.0956
-60	-0.1321	0.3239	0.1054
-50	-0.1834	0.3084	0.1164
-40	-0.2421	0.2856	0.1335
-30	-0.3224	0.2608	0.1690
-25	-0.3820	0.2492	0.0619
-24.5	-0.3892	0.2481	0.0590
-24	-0.3967	0.2470	0.0550
-23.5	-0.4046	0.2459	0.0505
-23	-0.4127	0.2448	0.0477
-22.5	-0.4212	0.2438	0.0423
-22	-0.4301	0.2428	0.0403
-21.5	-0.4393	0.2418	0.0349
-21	-0.4491	0.2408	0.0333
-20.5	-0.6384	0.2415	0.0286
-20	-0.6036	0.2296	0.0267
-19.5	-0.6080	0.2325	0.0223
-19	-0.5673	0.2192	0.0207
-18.5	-0.5694	0.2197	0.0168
-18	-0.5316	0.2089	0.0151
-17.5	-0.5208	0.2047	0.0121
-17	-0.5078	0.2014	0.0097
-16.5	-0.4777	0.1926	0.0078
-16	-0.4724	0.1894	0.0053
-15.5	-0.4582	0.1855	0.0036
-15	-0.4245	0.1766	0.0019
-14.5	-0.4106	0.1713	0.0001
-14	-0.4091	0.1686	-0.0011
-13.5	-0.3969	0.1646	-0.0018
-13	-0.3599	0.1558	-0.0034
-12.5	-0.3370	0.1494	-0.0046
-12	-0.3199	0.1439	-0.0054
-11.5	-0.3046	0.1387	-0.0059
-11	-0.2899	0.1336	-0.0061
-10.5	-0.2736	0.1285	-0.0062
-10	-0.2546	0.1232	-0.0063
-7.5	-0.2683	0.0945	-0.0045
-7	-0.2811	0.0880	-0.0030
-6.5	-0.3104	0.0826	0.0012
-6	-0.3889	0.0764	0.0099
-5.5	-0.3847	0.0739	0.0151
-5	-0.4075	0.0708	0.0223
-4.5	-0.4807	0.0661	0.0337
-4	-0.5944	0.0589	0.0490
-3.5	-0.5965	0.0570	0.0551
-3	-0.5939	0.0554	0.0606
-2.5	-0.6019	0.0532	0.0668
-2	-0.5945	0.0519	0.0714
-1.5	-0.4765	0.0550	0.0595
-1	-0.2928	0.0587	0.0366
-0.5	-0.1494	0.0599	0.0187
0	0.0002	0.0602	0.0000
0.5	0.1492	0.0599	-0.0187
1	0.2928	0.0587	-0.0366
1.5	0.4769	0.0549	-0.0596
2	0.5943	0.0519	-0.0714
2.5	0.6021	0.0531	-0.0668
3	0.5939	0.0554	-0.0606
3.5	0.5964	0.0570	-0.0551
4	0.5941	0.0589	-0.0490
4.5	0.4808	0.0661	-0.0337
5	0.4077	0.0708	-0.0223
5.5	0.3851	0.0738	-0.0151
6	0.3893	0.0763	-0.0099
6.5	0.3107	0.0825	-0.0012
7	0.2818	0.0879	0.0029
7.5	0.2684	0.0948	0.0040
10.5	0.2748	0.1285	0.0060
11	0.2912	0.1337	0.0059
11.5	0.3060	0.1388	0.0056
12	0.3213	0.1440	0.0051
12.5	0.3384	0.1495	0.0043
13	0.3612	0.1559	0.0032
13.5	0.3980	0.1647	0.0016
14	0.4111	0.1688	0.0008
14.5	0.4124	0.1715	-0.0004
15	0.4262	0.1768	-0.0022
15.5	0.4594	0.1857	-0.0040
16	0.4746	0.1898	-0.0056
16.5	0.4796	0.1930	-0.0081
17	0.5091	0.2016	-0.0101
17.5	0.5230	0.2052	-0.0125
18	0.5335	0.2093	-0.0155
18.5	0.5719	0.2204	-0.0172
19	0.5695	0.2198	-0.0211
19.5	0.6096	0.2330	-0.0228
20	0.6059	0.2304	-0.0272
20.5	0.6401	0.2421	-0.0291
21	0.6415	0.2408	-0.0338
30	0.4605	0.2608	-0.0463
40	0.3458	0.2856	-0.0620
50	0.2620	0.3084	-0.0693
60	0.1887	0.3239	-0.0734
70	0.1199	0.3275	-0.0752
80	0.0558	0.3155	-0.0748
90	0.0000	0.2862	-0.0715
100	-0.0391	0.3155	-0.0846
110	-0.0839	0.3275	-0.0956
120	-0.1321	0.3239	-0.1054
130	-0.1834	0.3084	-0.1164
140	-0.2421	0.2856	-0.1335
150	-0.3224	0.2608	-0.1689
160	0.2830	0.2388	0.0936
170	0.1415	0.2238	-0.5000
180	0.0000	0.2185	0.0000

Reynolds Number: 8e4
BV Dyn. Stall Model - Positive Stall AOA (deg): 4.0
BV Dyn. Stall Model - Negative Stall AOA (deg): -4.0
LB Dyn. Stall Model - Lift Coeff. Slope at Zero Lift AOA (per radian): 5.277
LB Dyn. Stall Model - Positive Critical Lift Coeff.: 0.829
LB Dyn. Stall Model - Negative Critical Lift Coeff.: -0.829
AOA (deg) CL CD Cm25
-180	0.0000	0.1682	0.0000
-170	-0.3761	0.1739	0.4000
-160	0.2521	0.1902	-0.0133
-150	0.1938	0.2143	0.0178
-140	0.1619	0.2422	0.0343
-130	0.1343	0.2691	0.0469
-120	0.1045	0.2899	0.0571
-110	0.0709	0.2998	0.0646
-100	0.0351	0.2953	0.0686
-90	0.0000	0.2744	0.0686
-80	-0.0351	0.2953	0.0798
-70	-0.0709	0.2998	0.0884
-60	-0.1045	0.2899	0.0946
-50	-0.1343	0.2691	0.0994
-40	-0.1619	0.2422	0.1056
-30	-0.1938	0.2143	0.1197
-25	-0.2169	0.2015	0.0615
-24.5	-0.2197	0.2002	0.0569
-24	-0.2226	0.1991	0.0523
-23.5	-0.2257	0.1979	0.0493
-22.5	-0.2323	0.1956	0.0412
-21.5	-0.2396	0.1934	0.0332
-21	-0.2436	0.1923	0.0292
-20.5	-0.2477	0.1912	0.0254
-20	-0.2521	0.1902	0.0227
-19.5	-0.6081	0.2181	0.0179
-19	-0.5807	0.2122	0.0161
-18.5	-0.5784	0.2073	0.0111
-18	-0.5477	0.2011	0.0099
-17.5	-0.5444	0.1958	0.0055
-17	-0.5168	0.1900	0.0040
-16.5	-0.5083	0.1840	0.0007
-16	-0.5165	0.1812	-0.0032
-15.5	-0.4721	0.1724	-0.0035
-15	-0.4888	0.1680	-0.0075
-14.5	-0.4416	0.1612	-0.0074
-13	-1.0746	0.0527	-0.0436
-12.5	-1.0324	0.0511	-0.0423
-12	-1.1134	0.0461	-0.0278
-11.5	-1.0813	0.0444	-0.0248
-11	-1.0912	0.0419	-0.0162
-10.5	-1.1014	0.0398	-0.0069
-10	-1.0782	0.0384	-0.0020
-9.5	-1.0677	0.0368	0.0047
-9	-1.0617	0.0352	0.0121
-8.5	-1.0542	0.0338	0.0193
-8	-1.0318	0.0328	0.0242
-7.5	-1.0072	0.0319	0.0288
-7	-0.9825	0.0311	0.0332
-6.5	-0.9569	0.0304	0.0373
-6	-0.9305	0.0298	0.0411
-5.5	-0.9028	0.0293	0.0444
-5	-0.8072	0.0297	0.0360
-4.5	-0.7244	0.0296	0.0296
-4	-0.6431	0.0298	0.0246
-3.5	-0.5653	0.0297	0.0202
-3	-0.4835	0.0296	0.0158
-2.5	-0.4013	0.0295	0.0118
-2	-0.3206	0.0292	0.0083
-1.5	-0.2346	0.0292	0.0048
-1	-0.1557	0.0289	0.0028
-0.5	-0.0859	0.0285	0.0024
0	0.0000	0.0285	0.0000
0.5	0.0859	0.0285	-0.0024
1	0.1557	0.0289	-0.0028
1.5	0.2346	0.0292	-0.0048
2	0.3206	0.0292	-0.0083
2.5	0.4012	0.0295	-0.0118
3	0.4834	0.0296	-0.0158
3.5	0.5653	0.0296	-0.0202
4	0.6431	0.0297	-0.0246
4.5	0.7241	0.0296	-0.0296
5	0.8073	0.0297	-0.0360
5.5	0.9029	0.0293	-0.0444
6	0.9302	0.0298	-0.0410
6.5	0.9567	0.0304	-0.0372
7	0.9823	0.0311	-0.0331
7.5	1.0071	0.0319	-0.0288
8	1.0316	0.0327	-0.0242
8.5	1.0539	0.0338	-0.0192
9	1.0614	0.0352	-0.0120
9.5	1.0675	0.0368	-0.0047
10	1.0782	0.0384	0.0020
10.5	1.1014	0.0398	0.0069
11	1.0914	0.0419	0.0162
11.5	1.0816	0.0444	0.0248
12	1.1137	0.0461	0.0278
12.5	1.0333	0.0511	0.0421
13	1.0749	0.0528	0.0435
15	0.3126	0.1555	0.0228
15.5	0.2870	0.1556	0.0211
16	0.3180	0.1628	0.0207
16.5	0.3092	0.1634	0.0192
17	0.3088	0.1669	0.0173
17.5	0.3313	0.1717	0.0166
18	0.3243	0.1744	0.0142
18.5	0.3491	0.1797	0.0135
19	0.3418	0.1821	0.0107
19.5	0.3628	0.1871	0.0097
20	0.3601	0.1902	0.0069
30	0.2768	0.2143	-0.0224
40	0.2313	0.2422	-0.0408
50	0.1919	0.2691	-0.0528
60	0.1492	0.2899	-0.0613
70	0.1013	0.2998	-0.0668
80	0.0501	0.2953	-0.0692
90	0.0000	0.2744	-0.0686
100	-0.0351	0.2953	-0.0798
110	-0.0709	0.2998	-0.0884
120	-0.1045	0.2899	-0.0946
130	-0.1343	0.2691	-0.0994
140	-0.1619	0.2422	-0.1056
150	-0.1938	0.2143	-0.1197
160	-0.2521	0.1902	-0.1642
170	0.3761	0.1739	-0.5000
180	0.0000	0.1682	0.0000

Reynolds Number: 1.6e5
BV Dyn. Stall Model - Positive Stall AOA (deg): 5.0
BV Dyn. Stall Model - Negative Stall AOA (deg): -5.0
LB Dyn. Stall Model - Lift Coeff. Slope at Zero Lift AOA (per radian): 5.371
LB Dyn. Stall Model - Positive Critical Lift Coeff.: 1.031
LB Dyn. Stall Model - Negative Critical Lift Coeff.: -1.031
AOA (deg) CL CD Cm25
-180	0.0000	0.2123	0.0000
-170	-0.3665	0.2173	0.4000
-160	-0.7329	0.2314	0.0403
-150	0.3445	0.2520	0.0215
-140	0.2533	0.2753	0.0419
-130	0.1881	0.2964	0.0534
-120	0.1330	0.3106	0.0616
-110	0.0831	0.3133	0.0672
-100	0.0380	0.3012	0.0697
-90	0.0000	0.2726	0.0681
-80	-0.0380	0.3012	0.0820
-70	-0.0831	0.3133	0.0942
-60	-0.1330	0.3106	0.1062
-50	-0.1881	0.2964	0.1206
-40	-0.2533	0.2753	0.1436
-30	-0.3445	0.2520	0.1906
-25	-0.4124	0.2411	0.0153
-24.5	-0.4206	0.2401	0.0120
-24	-0.4291	0.2391	0.0103
-23.5	-0.4380	0.2381	0.0063
-22	-0.4669	0.2351	0.0349
-21	-0.6685	0.2266	0.0260
-20.5	-0.6445	0.2222	0.0237
-20	-0.6425	0.2148	0.0174
-19	-1.1675	0.0874	-0.0506
-18.5	-1.1449	0.0842	-0.0507
-18	-1.1764	0.0745	-0.0541
-17.5	-1.2205	0.0643	-0.0567
-17	-1.1874	0.0623	-0.0562
-16.5	-1.2137	0.0551	-0.0565
-16	-1.1861	0.0526	-0.0559
-15.5	-1.1983	0.0475	-0.0547
-15	-1.1719	0.0451	-0.0537
-14.5	-1.1719	0.0412	-0.0515
-14	-1.1494	0.0390	-0.0497
-13.5	-1.1353	0.0363	-0.0471
-13	-1.1256	0.0340	-0.0435
-12.5	-1.1036	0.0322	-0.0404
-12	-1.0905	0.0304	-0.0358
-11.5	-1.0852	0.0290	-0.0293
-11	-1.0746	0.0278	-0.0229
-10.5	-1.0785	0.0268	-0.0135
-10	-1.0873	0.0262	-0.0029
-9.5	-1.0833	0.0253	0.0054
-9	-1.0769	0.0246	0.0132
-8.5	-1.0673	0.0240	0.0204
-8	-1.0347	0.0233	0.0232
-7.5	-0.9576	0.0226	0.0177
-7	-0.8809	0.0219	0.0126
-6.5	-0.8036	0.0213	0.0076
-6	-0.7244	0.0206	0.0026
-5.5	-0.6523	0.0200	-0.0008
-5	-0.5787	0.0193	-0.0043
-4.5	-0.5079	0.0187	-0.0069
-4	-0.4308	0.0178	-0.0103
-3.5	-0.3722	0.0172	-0.0099
-3	-0.3160	0.0167	-0.0091
-2.5	-0.2639	0.0163	-0.0074
-2	-0.2128	0.0159	-0.0057
-1.5	-0.1589	0.0156	-0.0043
-1	-0.1052	0.0154	-0.0030
0	0.0000	0.0153	0.0000
1	0.1052	0.0154	0.0030
1.5	0.1589	0.0156	0.0043
2	0.2128	0.0159	0.0057
2.5	0.2639	0.0163	0.0074
3	0.3160	0.0167	0.0091
3.5	0.3722	0.0172	0.0099
4	0.4308	0.0178	0.0103
4.5	0.5079	0.0187	0.0069
5	0.5787	0.0193	0.0043
5.5	0.6523	0.0200	0.0008
6	0.7246	0.0206	-0.0026
6.5	0.8034	0.0213	-0.0076
7	0.8809	0.0219	-0.0126
7.5	0.9577	0.0226	-0.0178
8	1.0350	0.0233	-0.0232
8.5	1.0672	0.0240	-0.0203
9	1.0768	0.0246	-0.0131
9.5	1.0833	0.0253	-0.0053
10	1.0873	0.0261	0.0029
10.5	1.0787	0.0268	0.0135
11	1.0748	0.0278	0.0228
11.5	1.0855	0.0290	0.0292
12	1.0911	0.0303	0.0357
12.5	1.1044	0.0322	0.0403
13	1.1265	0.0340	0.0434
13.5	1.1366	0.0363	0.0469
14	1.1507	0.0389	0.0495
14.5	1.1742	0.0412	0.0512
15	1.1737	0.0450	0.0534
15.5	1.1996	0.0475	0.0545
16	1.1884	0.0526	0.0556
16.5	1.2151	0.0552	0.0562
17	1.1899	0.0623	0.0558
17.5	1.2272	0.0639	0.0564
18	1.1785	0.0745	0.0537
18.5	1.1498	0.0839	0.0505
19	1.1684	0.0876	0.0500
21.5	0.6820	0.2342	-0.0314
30	0.4921	0.2520	-0.0280
40	0.3619	0.2753	-0.0513
50	0.2687	0.2964	-0.0614
60	0.1900	0.3106	-0.0668
70	0.1187	0.3133	-0.0697
80	0.0543	0.3012	-0.0703
90	0.0000	0.2726	-0.0681
100	-0.0380	0.3012	-0.0820
110	-0.0831	0.3133	-0.0942
120	-0.1330	0.3106	-0.1062
130	-0.1881	0.2964	-0.1206
140	-0.2533	0.2753	-0.1436
150	-0.3445	0.2520	-0.1906
160	0.7329	0.2314	0.3451
170	0.3665	0.2173	-0.5000
180	0.0000	0.2123	0.0000

Reynolds Number: 3.6e5
BV Dyn. Stall Model - Positive Stall AOA (deg): 5.0
BV Dyn. Stall Model - Negative Stall AOA (deg): -5.0
LB Dyn. Stall Model - Lift Coeff. Slope at Zero Lift AOA (per radian): 6.303
LB Dyn. Stall Model - Positive Critical Lift Coeff.: 1.32
LB Dyn. Stall Model - Negative Critical Lift Coeff.: -1.32
AOA (deg) CL CD Cm25
-180	0.0000	0.0510	0.0000
-170	-0.4717	0.0554	0.4000
-160	0.7347	0.0681	-0.0028
-150	0.4567	0.0873	0.0395
-140	0.3056	0.1105	0.0427
-130	0.2050	0.1342	0.0404
-120	0.1302	0.1551	0.0392
-110	0.0724	0.1701	0.0399
-100	0.0289	0.1765	0.0418
-90	0.0000	0.1729	0.0432
-80	-0.0289	0.1765	0.0476
-70	-0.0724	0.1701	0.0524
-60	-0.1302	0.1551	0.0605
-50	-0.2050	0.1342	0.0768
-40	-0.3056	0.1105	0.1099
-30	-0.4567	0.0873	0.1801
-25	-0.5702	0.0771	0.0075
-24.5	-0.5838	0.0761	0.0033
-24	-0.5980	0.0752	-0.0064
-23.5	-0.6127	0.0742	-0.0158
-23	-0.6280	0.0733	-0.0174
-22.5	-0.6439	0.0724	-0.0211
-22	-0.6605	0.0715	-0.0259
-21.5	-0.6779	0.0706	-0.0288
-21	-0.6960	0.0698	-0.0316
-20.5	-0.7149	0.0689	-0.0350
-20	-0.7347	0.0681	-0.0370
-19.5	-0.7555	0.0673	-0.0393
-19	-0.7773	0.0665	-0.0419
-18.5	-0.8003	0.0657	-0.0431
-18	-0.8245	0.0650	-0.0450
-17.5	-0.8499	0.0642	-0.0461
-17	-1.2077	0.0588	-0.0472
-16.5	-1.2035	0.0538	-0.0478
-16	-1.1974	0.0489	-0.0483
-15.5	-1.1898	0.0445	-0.0482
-15	-1.1793	0.0405	-0.0480
-14.5	-1.1688	0.0368	-0.0471
-14	-1.1522	0.0337	-0.0461
-13.5	-1.1395	0.0306	-0.0443
-13	-1.1209	0.0281	-0.0423
-12.5	-1.1018	0.0260	-0.0398
-12	-1.0868	0.0240	-0.0361
-11.5	-1.0727	0.0225	-0.0312
-11	-1.0653	0.0214	-0.0246
-10.5	-1.0737	0.0204	-0.0148
-10	-1.0865	0.0199	-0.0036
-9.5	-1.0411	0.0190	-0.0034
-9	-0.9783	0.0180	-0.0062
-8.5	-0.9090	0.0170	-0.0101
-8	-0.8434	0.0161	-0.0129
-7.5	-0.7656	0.0152	-0.0181
-7	-0.7053	0.0144	-0.0193
-6.5	-0.6496	0.0137	-0.0193
-6	-0.5993	0.0132	-0.0180
-5.5	-0.5514	0.0126	-0.0162
-4.5	-0.4551	0.0118	-0.0124
-4	-0.4058	0.0115	-0.0108
-3.5	-0.3565	0.0112	-0.0092
-3	-0.3064	0.0110	-0.0077
-2.5	-0.2557	0.0108	-0.0063
-2	-0.2047	0.0107	-0.0050
-1.5	-0.1537	0.0106	-0.0037
-1	-0.1025	0.0105	-0.0025
-0.5	-0.0512	0.0105	-0.0013
0	0.0000	0.0105	0.0000
0.5	0.0512	0.0105	0.0013
1	0.1025	0.0105	0.0025
1.5	0.1537	0.0106	0.0037
2	0.2048	0.0107	0.0050
2.5	0.2558	0.0108	0.0063
3	0.3064	0.0110	0.0077
3.5	0.3566	0.0112	0.0091
4	0.4059	0.0115	0.0107
4.5	0.4553	0.0118	0.0124
5.5	0.5516	0.0126	0.0161
6	0.5994	0.0132	0.0180
6.5	0.6498	0.0137	0.0193
7	0.7055	0.0144	0.0192
7.5	0.7659	0.0152	0.0180
8	0.8437	0.0161	0.0129
8.5	0.9094	0.0170	0.0100
9	0.9788	0.0180	0.0061
9.5	1.0419	0.0190	0.0032
10	1.0866	0.0199	0.0036
10.5	1.0737	0.0204	0.0148
11	1.0656	0.0214	0.0246
11.5	1.0732	0.0225	0.0312
12	1.0876	0.0240	0.0359
12.5	1.1031	0.0260	0.0396
13	1.1223	0.0281	0.0421
13.5	1.1412	0.0306	0.0441
14	1.1542	0.0336	0.0458
14.5	1.1709	0.0367	0.0468
15	1.1816	0.0404	0.0477
15.5	1.1922	0.0445	0.0479
16	1.2000	0.0489	0.0479
16.5	1.2063	0.0537	0.0475
17	1.2106	0.0588	0.0468
17.5	1.2142	0.0642	0.0457
20	1.0496	0.0681	0.0040
30	0.6524	0.0873	-0.0547
40	0.4366	0.1105	-0.0567
50	0.2928	0.1342	-0.0502
60	0.1860	0.1551	-0.0447
70	0.1035	0.1701	-0.0422
80	0.0414	0.1765	-0.0423
90	0.0000	0.1729	-0.0432
100	-0.0289	0.1765	-0.0476
110	-0.0724	0.1701	-0.0524
120	-0.1302	0.1551	-0.0605
130	-0.2050	0.1342	-0.0768
140	-0.3056	0.1105	-0.1099
150	-0.4567	0.0873	-0.1801
160	-0.7347	0.0681	-0.3597
170	0.4717	0.0554	-0.5000
180	0.0000	0.0510	0.0000

Reynolds Number: 7e5
BV Dyn. Stall Model - Positive Stall AOA (deg): 6.0
BV Dyn. Stall Model - Negative Stall AOA (deg): -6.0
LB Dyn. Stall Model - Lift Coeff. Slope at Zero Lift AOA (per radian): 6.303
LB Dyn. Stall Model - Positive Critical Lift Coeff.: 1.54
LB Dyn. Stall Model - Negative Critical Lift Coeff.: -1.54
AOA (deg) CL CD Cm25
-180	0.0000	0.0546	0.0000
-170	-0.4824	0.0587	0.4000
-160	0.8332	0.0706	-0.0105
-150	0.5125	0.0885	0.0411
-140	0.3384	0.1100	0.0448
-130	0.2232	0.1319	0.0415
-120	0.1390	0.1510	0.0390
-110	0.0755	0.1643	0.0388
-100	0.0292	0.1695	0.0401
-90	0.0000	0.1650	0.0412
-80	-0.0292	0.1695	0.0459
-70	-0.0755	0.1643	0.0513
-60	-0.1390	0.1510	0.0611
-50	-0.2232	0.1319	0.0808
-40	-0.3384	0.1100	0.1201
-30	-0.5125	0.0885	0.2030
-25	-0.6435	0.0789	0.0047
-24.5	-0.6593	0.0780	0.0003
-24	-0.6756	0.0771	-0.0042
-23.5	-0.6926	0.0763	-0.0089
-23	-0.7102	0.0754	-0.0124
-22.5	-0.7286	0.0746	-0.0164
-22	-0.7477	0.0737	-0.0202
-21.5	-0.7677	0.0729	-0.0238
-21	-0.7885	0.0721	-0.0273
-20.5	-0.8104	0.0713	-0.0304
-20	-0.8332	0.0706	-0.0334
-19.5	-0.8571	0.0698	-0.0363
-19	-0.8823	0.0691	-0.0384
-18.5	-0.9087	0.0684	-0.0406
-18	-1.3021	0.0615	-0.0422
-17.5	-1.3012	0.0558	-0.0433
-17	-1.3085	0.0493	-0.0442
-16.5	-1.3007	0.0446	-0.0446
-16	-1.2986	0.0396	-0.0446
-15.5	-1.2846	0.0359	-0.0442
-15	-1.2748	0.0321	-0.0433
-14.5	-1.2545	0.0294	-0.0422
-14	-1.2394	0.0265	-0.0403
-13.5	-1.2169	0.0243	-0.0384
-13	-1.1951	0.0223	-0.0358
-12.5	-1.1750	0.0206	-0.0323
-12	-1.1577	0.0194	-0.0275
-11.5	-1.1558	0.0184	-0.0195
-10	-1.0293	0.0155	-0.0168
-9.5	-0.9676	0.0145	-0.0191
-9	-0.8992	0.0136	-0.0227
-8.5	-0.8454	0.0129	-0.0229
-8	-0.7999	0.0122	-0.0210
-7.5	-0.7583	0.0117	-0.0182
-7	-0.7141	0.0112	-0.0158
-6.5	-0.6680	0.0108	-0.0138
-6	-0.6202	0.0104	-0.0121
-5.5	-0.5712	0.0100	-0.0107
-5	-0.5212	0.0097	-0.0094
-4.5	-0.4705	0.0095	-0.0082
-4	-0.4193	0.0093	-0.0071
-3.5	-0.3676	0.0091	-0.0061
-3	-0.3154	0.0090	-0.0052
-2.5	-0.2631	0.0089	-0.0043
-2	-0.2107	0.0088	-0.0034
-1.5	-0.1582	0.0087	-0.0025
-1	-0.1054	0.0087	-0.0017
-0.5	-0.0527	0.0086	-0.0008
0	0.0000	0.0086	0.0000
0.5	0.0527	0.0086	0.0008
1	0.1055	0.0087	0.0017
1.5	0.1582	0.0087	0.0025
2	0.2107	0.0088	0.0034
2.5	0.2631	0.0089	0.0043
3	0.3155	0.0090	0.0052
3.5	0.3677	0.0091	0.0061
4	0.4194	0.0093	0.0071
4.5	0.4706	0.0095	0.0082
5	0.5213	0.0097	0.0093
5.5	0.5713	0.0100	0.0106
6	0.6204	0.0104	0.0121
6.5	0.6682	0.0108	0.0138
7	0.7145	0.0112	0.0158
7.5	0.7587	0.0117	0.0181
8	0.8005	0.0122	0.0209
8.5	0.8459	0.0129	0.0228
9	0.8997	0.0136	0.0226
9.5	0.9681	0.0145	0.0190
10	1.0299	0.0155	0.0167
11.5	1.1559	0.0184	0.0195
12	1.1582	0.0194	0.0274
12.5	1.1760	0.0206	0.0322
13	1.1964	0.0223	0.0356
13.5	1.2184	0.0243	0.0381
14	1.2413	0.0264	0.0401
14.5	1.2567	0.0293	0.0419
15	1.2771	0.0321	0.0429
15.5	1.2875	0.0358	0.0438
16	1.3013	0.0395	0.0442
16.5	1.3040	0.0445	0.0442
17	1.3118	0.0492	0.0438
17.5	1.3041	0.0557	0.0429
18	1.3060	0.0614	0.0418
18.5	1.2981	0.0684	0.0401
20	1.1903	0.0706	0.0149
30	0.7322	0.0885	-0.0571
40	0.4834	0.1100	-0.0599
50	0.3188	0.1319	-0.0519
60	0.1986	0.1510	-0.0448
70	0.1079	0.1643	-0.0412
80	0.0417	0.1695	-0.0406
90	0.0000	0.1650	-0.0412
100	-0.0292	0.1695	-0.0459
110	-0.0755	0.1643	-0.0513
120	-0.1390	0.1510	-0.0611
130	-0.2232	0.1319	-0.0808
140	-0.3384	0.1100	-0.1201
150	-0.5125	0.0885	-0.2030
160	-0.8332	0.0706	-0.4141
170	0.4824	0.0587	-0.5000
180	0.0000	0.0546	0.0000

Reynolds Number: 1e6
BV Dyn. Stall Model - Positive Stall AOA (deg): 6.0
BV Dyn. Stall Model - Negative Stall AOA (deg): -6.0
LB Dyn. Stall Model - Lift Coeff. Slope at Zero Lift AOA (per radian): 6.303
LB Dyn. Stall Model - Positive Critical Lift Coeff.: 1.65
LB Dyn. Stall Model - Negative Critical Lift Coeff.: -1.65
AOA (deg) CL CD Cm25
-180	0.0000	0.0390	0.0000
-170	-0.5153	0.0434	0.4000
-160	0.8620	0.0560	-0.0019
-150	0.5294	0.0751	0.0451
-140	0.3487	0.0982	0.0464
-130	0.2294	0.1222	0.0417
-120	0.1424	0.1436	0.0385
-110	0.0770	0.1595	0.0382
-100	0.0296	0.1673	0.0397
-90	0.0000	0.1655	0.0414
-80	-0.0296	0.1673	0.0452
-70	-0.0770	0.1595	0.0499
-60	-0.1424	0.1436	0.0593
-50	-0.2294	0.1222	0.0788
-40	-0.3487	0.0982	0.1187
-30	-0.5294	0.0751	0.2029
-25	-0.6653	0.0649	0.0057
-24.5	-0.6816	0.0639	0.0007
-24	-0.6986	0.0630	-0.0038
-23.5	-0.7162	0.0620	-0.0082
-23	-0.7345	0.0611	-0.0130
-22.5	-0.7535	0.0602	-0.0174
-22	-0.7734	0.0594	-0.0212
-21.5	-0.7941	0.0585	-0.0255
-21	-0.8157	0.0576	-0.0293
-20.5	-0.8384	0.0568	-0.0324
-20	-0.8620	0.0560	-0.0352
-19.5	-0.8869	0.0552	-0.0379
-19	-0.9129	0.0544	-0.0399
-18.5	-0.9403	0.0536	-0.0414
-18	-0.9692	0.0529	-0.0427
-17.5	-1.3788	0.0476	-0.0433
-17	-1.3773	0.0424	-0.0436
-16.5	-1.3695	0.0380	-0.0434
-16	-1.3573	0.0342	-0.0429
-15.5	-1.3435	0.0308	-0.0420
-15	-1.3250	0.0279	-0.0408
-14.5	-1.3043	0.0254	-0.0392
-14	-1.2823	0.0232	-0.0372
-13.5	-1.2555	0.0215	-0.0351
-13	-1.2336	0.0198	-0.0319
-12.5	-1.2127	0.0185	-0.0278
-12	-1.2042	0.0175	-0.0208
-11.5	-1.1879	0.0166	-0.0151
-11	-1.1292	0.0156	-0.0173
-10.5	-1.0667	0.0146	-0.0201
-10	-1.0086	0.0137	-0.0217
-9.5	-0.9476	0.0128	-0.0237
-9	-0.9015	0.0121	-0.0222
-8.5	-0.8619	0.0115	-0.0192
-8	-0.8230	0.0111	-0.0159
-7.5	-0.7782	0.0106	-0.0137
-7	-0.7313	0.0102	-0.0120
-6.5	-0.6828	0.0098	-0.0105
-6	-0.6332	0.0095	-0.0092
-5.5	-0.5828	0.0092	-0.0080
-5	-0.5318	0.0090	-0.0069
-4.5	-0.4800	0.0087	-0.0060
-4	-0.4278	0.0086	-0.0052
-3.5	-0.3753	0.0084	-0.0044
-2.5	-0.2691	0.0082	-0.0029
-2	-0.2154	0.0081	-0.0023
-1.5	-0.1617	0.0080	-0.0017
-1	-0.1079	0.0080	-0.0011
-0.5	-0.0540	0.0080	-0.0006
0	0.0000	0.0080	0.0000
0.5	0.0540	0.0080	0.0006
1	0.1079	0.0080	0.0011
1.5	0.1617	0.0080	0.0017
2	0.2155	0.0081	0.0023
2.5	0.2692	0.0082	0.0029
3.5	0.3754	0.0084	0.0044
4	0.4279	0.0086	0.0052
4.5	0.4801	0.0087	0.0060
5.5	0.5830	0.0092	0.0080
6	0.6334	0.0095	0.0091
6.5	0.6830	0.0098	0.0104
7	0.7316	0.0102	0.0119
7.5	0.7785	0.0106	0.0137
8	0.8234	0.0111	0.0158
8.5	0.8625	0.0115	0.0191
9	0.9021	0.0121	0.0221
9.5	0.9482	0.0128	0.0236
10	1.0092	0.0137	0.0216
10.5	1.0674	0.0146	0.0200
11	1.1300	0.0156	0.0172
11.5	1.1888	0.0166	0.0149
12	1.2043	0.0175	0.0208
12.5	1.2132	0.0185	0.0277
13	1.2347	0.0198	0.0318
13.5	1.2570	0.0215	0.0348
14	1.2840	0.0232	0.0369
14.5	1.3063	0.0254	0.0389
15	1.3271	0.0279	0.0404
15.5	1.3461	0.0307	0.0417
16	1.3598	0.0341	0.0426
16.5	1.3726	0.0379	0.0430
17	1.3803	0.0423	0.0432
17.5	1.3825	0.0475	0.0429
18	1.3845	0.0529	0.0422
20	1.2315	0.0560	0.0027
30	0.7562	0.0751	-0.0630
40	0.4982	0.0982	-0.0625
50	0.3277	0.1222	-0.0526
60	0.2034	0.1436	-0.0445
70	0.1100	0.1595	-0.0406
80	0.0423	0.1673	-0.0402
90	0.0000	0.1655	-0.0414
100	-0.0296	0.1673	-0.0452
110	-0.0770	0.1595	-0.0499
120	-0.1424	0.1436	-0.0593
130	-0.2294	0.1222	-0.0788
140	-0.3487	0.0982	-0.1187
150	-0.5294	0.0751	-0.2029
160	-0.8620	0.0560	-0.4165
170	0.5153	0.0434	-0.5000
180	0.0000	0.0390	0.0000

Reynolds Number: 2e6
BV Dyn. Stall Model - Positive Stall AOA (deg): 6.0
BV Dyn. Stall Model - Negative Stall AOA (deg): -6.0
LB Dyn. Stall Model - Lift Coeff. Slope at Zero Lift AOA (per radian): 6.303
LB Dyn. Stall Model - Positive Critical Lift Coeff.: 1.65
LB Dyn. Stall Model - Negative Critical Lift Coeff.: -1.65
AOA (deg) CL CD Cm25
-180	0.0000	0.0410	0.0000
-170	-0.5034	0.0450	0.4000
-160	1.0301	0.0567	-0.0193
-150	0.6252	0.0743	0.0463
-140	0.4054	0.0955	0.0495
-130	0.2614	0.1174	0.0433
-120	0.1583	0.1369	0.0382
-110	0.0829	0.1510	0.0365
-100	0.0304	0.1576	0.0373
-90	0.0000	0.1552	0.0388
-80	-0.0304	0.1576	0.0429
-70	-0.0829	0.1510	0.0487
-60	-0.1583	0.1369	0.0606
-50	-0.2614	0.1174	0.0857
-40	-0.4054	0.0955	0.1365
-30	-0.6252	0.0743	0.2430
-25	-0.7908	0.0649	0.0001
-24.5	-0.8107	0.0640	-0.0053
-24	-0.8313	0.0631	-0.0114
-23.5	-0.8527	0.0623	-0.0167
-23	-0.8750	0.0614	-0.0215
-22.5	-0.8982	0.0606	-0.0254
-22	-0.9223	0.0598	-0.0290
-21.5	-0.9475	0.0590	-0.0326
-21	-0.9738	0.0582	-0.0355
-20.5	-1.0013	0.0574	-0.0376
-20	-1.0301	0.0567	-0.0392
-19.5	-1.0603	0.0559	-0.0406
-19	-1.5145	0.0501	-0.0415
-18.5	-1.5110	0.0450	-0.0419
-18	-1.5080	0.0401	-0.0420
-17.5	-1.4989	0.0359	-0.0416
-17	-1.4842	0.0324	-0.0411
-16.5	-1.4698	0.0291	-0.0400
-16	-1.4486	0.0265	-0.0389
-15.5	-1.4285	0.0240	-0.0372
-15	-1.4023	0.0221	-0.0356
-14.5	-1.3764	0.0203	-0.0335
-14	-1.3480	0.0188	-0.0312
-13.5	-1.3196	0.0175	-0.0284
-13	-1.2994	0.0164	-0.0237
-12	-1.2202	0.0145	-0.0208
-11.5	-1.1625	0.0136	-0.0226
-11	-1.1112	0.0128	-0.0228
-10.5	-1.0669	0.0121	-0.0213
-10	-1.0275	0.0115	-0.0185
-9.5	-0.9876	0.0109	-0.0156
-9	-0.9478	0.0105	-0.0126
-8.5	-0.9033	0.0100	-0.0105
-8	-0.8558	0.0096	-0.0090
-7.5	-0.8066	0.0093	-0.0077
-7	-0.7564	0.0090	-0.0066
-6.5	-0.7053	0.0087	-0.0057
-6	-0.6536	0.0084	-0.0049
-5	-0.5482	0.0080	-0.0035
-4.5	-0.4947	0.0078	-0.0029
-4	-0.4408	0.0076	-0.0024
-3.5	-0.3867	0.0075	-0.0020
-3	-0.3321	0.0074	-0.0016
-2.5	-0.2772	0.0073	-0.0013
-2	-0.2220	0.0072	-0.0010
-1.5	-0.1666	0.0071	-0.0007
-1	-0.1111	0.0071	-0.0005
-0.5	-0.0555	0.0070	-0.0002
0	0.0000	0.0070	0.0000
0.5	0.0555	0.0070	0.0002
1	0.1111	0.0071	0.0005
1.5	0.1666	0.0071	0.0007
2	0.2221	0.0072	0.0009
2.5	0.2772	0.0073	0.0012
3.5	0.3867	0.0075	0.0020
4	0.4409	0.0076	0.0024
4.5	0.4948	0.0078	0.0029
5	0.5484	0.0080	0.0034
6	0.6538	0.0084	0.0048
6.5	0.7055	0.0087	0.0057
7	0.7566	0.0090	0.0066
7.5	0.8069	0.0093	0.0077
8	0.8562	0.0096	0.0089
8.5	0.9038	0.0100	0.0104
9	0.9485	0.0105	0.0124
10	1.0283	0.0115	0.0183
10.5	1.0677	0.0121	0.0211
11	1.1121	0.0128	0.0227
11.5	1.1634	0.0136	0.0224
12	1.2212	0.0145	0.0206
13	1.2998	0.0164	0.0236
13.5	1.3208	0.0175	0.0282
14	1.3495	0.0187	0.0309
14.5	1.3783	0.0202	0.0332
15	1.4042	0.0221	0.0352
15.5	1.4308	0.0240	0.0369
16	1.4512	0.0265	0.0385
16.5	1.4726	0.0291	0.0396
17	1.4871	0.0324	0.0407
17.5	1.5022	0.0358	0.0412
18	1.5116	0.0400	0.0415
18.5	1.5150	0.0449	0.0414
19	1.5188	0.0499	0.0410
19.5	1.5147	0.0559	0.0401
20	1.4716	0.0567	0.0275
30	0.8932	0.0743	-0.0649
40	0.5791	0.0955	-0.0672
50	0.3734	0.1174	-0.0553
60	0.2262	0.1369	-0.0448
70	0.1184	0.1510	-0.0391
80	0.0434	0.1576	-0.0379
90	0.0000	0.1552	-0.0388
100	-0.0304	0.1576	-0.0429
110	-0.0829	0.1510	-0.0487
120	-0.1583	0.1369	-0.0606
130	-0.2614	0.1174	-0.0857
140	-0.4054	0.0955	-0.1365
150	-0.6252	0.0743	-0.2430
160	-1.0301	0.0567	-0.5130
170	0.5034	0.0450	-0.5000
180	0.0000	0.0410	0.0000

Reynolds Number: 5e6
BV Dyn. Stall Model - Positive Stall AOA (deg): 6.0
BV Dyn. Stall Model - Negative Stall AOA (deg): -6.0
LB Dyn. Stall Model - Lift Coeff. Slope at Zero Lift AOA (per radian): 6.303
LB Dyn. Stall Model - Positive Critical Lift Coeff.: 1.76
LB Dyn. Stall Model - Negative Critical Lift Coeff.: -1.76
AOA (deg) CL CD Cm25
-180	0.0000	0.0185	0.0000
-170	-0.5746	0.0220	0.4000
-160	1.0114	0.0320	0.0083
-150	0.6092	0.0473	0.0539
-140	0.3908	0.0659	0.0496
-130	0.2485	0.0853	0.0397
-120	0.1478	0.1030	0.0325
-110	0.0755	0.1167	0.0296
-100	0.0266	0.1245	0.0298
-90	0.0000	0.1250	0.0313
-80	-0.0266	0.1245	0.0338
-70	-0.0755	0.1167	0.0382
-60	-0.1478	0.1030	0.0491
-50	-0.2485	0.0853	0.0729
-40	-0.3908	0.0659	0.1212
-30	-0.6092	0.0473	0.2217
-25	-0.7738	0.0391	-0.0155
-24.5	-0.7935	0.0384	-0.0209
-24	-0.8140	0.0376	-0.0249
-23.5	-0.8353	0.0369	-0.0285
-23	-0.8574	0.0362	-0.0316
-22.5	-0.8804	0.0354	-0.0340
-22	-0.9044	0.0347	-0.0361
-21.5	-0.9294	0.0340	-0.0377
-21	-0.9555	0.0334	-0.0389
-20.5	-0.9828	0.0327	-0.0397
-20	-1.0114	0.0320	-0.0401
-19.5	-1.0414	0.0314	-0.0402
-19	-1.0728	0.0308	-0.0400
-18.5	-1.1058	0.0302	-0.0394
-18	-1.1405	0.0296	-0.0386
-17.5	-1.6079	0.0268	-0.0374
-17	-1.5868	0.0243	-0.0360
-16.5	-1.5613	0.0223	-0.0345
-16	-1.5370	0.0203	-0.0326
-15.5	-1.5063	0.0188	-0.0308
-15	-1.4775	0.0173	-0.0286
-14.5	-1.4444	0.0162	-0.0265
-14	-1.4157	0.0150	-0.0233
-13.5	-1.3752	0.0141	-0.0220
-12.5	-1.2833	0.0125	-0.0208
-12	-1.2457	0.0119	-0.0180
-11.5	-1.2067	0.0113	-0.0153
-11	-1.1655	0.0107	-0.0129
-10.5	-1.1219	0.0103	-0.0108
-10	-1.0793	0.0099	-0.0084
-9.5	-1.0332	0.0095	-0.0067
-9	-0.9845	0.0092	-0.0055
-8.5	-0.9343	0.0088	-0.0045
-8	-0.8833	0.0085	-0.0036
-7.5	-0.8317	0.0082	-0.0028
-7	-0.7793	0.0080	-0.0022
-6.5	-0.7260	0.0077	-0.0016
-6	-0.6720	0.0075	-0.0012
-5.5	-0.6176	0.0073	-0.0009
-5	-0.5629	0.0071	-0.0006
-4.5	-0.5078	0.0070	-0.0003
-4	-0.4523	0.0068	-0.0002
-3.5	-0.3965	0.0067	0.0000
-3	-0.3404	0.0066	0.0001
-2.5	-0.2840	0.0065	0.0001
-2	-0.2275	0.0064	0.0001
-1.5	-0.1708	0.0064	0.0001
-1	-0.1140	0.0063	0.0001
-0.5	-0.0570	0.0063	0.0001
0	0.0000	0.0063	0.0000
0.5	0.0571	0.0063	-0.0001
1	0.1140	0.0063	-0.0001
1.5	0.1708	0.0064	-0.0001
2	0.2275	0.0064	-0.0001
2.5	0.2841	0.0065	-0.0001
3	0.3404	0.0066	-0.0001
3.5	0.3965	0.0067	0.0000
4	0.4524	0.0068	0.0001
4.5	0.5079	0.0070	0.0003
5	0.5630	0.0071	0.0006
5.5	0.6177	0.0073	0.0009
6	0.6722	0.0075	0.0012
6.5	0.7261	0.0077	0.0016
7	0.7795	0.0080	0.0021
7.5	0.8320	0.0082	0.0028
8	0.8836	0.0085	0.0035
8.5	0.9347	0.0088	0.0044
9	0.9850	0.0092	0.0054
9.5	1.0338	0.0095	0.0066
10	1.0801	0.0099	0.0082
10.5	1.1227	0.0103	0.0107
11	1.1664	0.0107	0.0127
11.5	1.2077	0.0113	0.0151
12	1.2468	0.0119	0.0177
12.5	1.2846	0.0124	0.0206
14	1.4167	0.0150	0.0231
14.5	1.4460	0.0161	0.0262
15	1.4793	0.0173	0.0283
15.5	1.5083	0.0188	0.0305
16	1.5392	0.0202	0.0322
16.5	1.5639	0.0222	0.0341
17	1.5897	0.0242	0.0356
17.5	1.6106	0.0268	0.0370
18	1.6293	0.0296	0.0381
20	1.4449	0.0320	-0.0117
30	0.8703	0.0473	-0.0760
40	0.5583	0.0659	-0.0683
50	0.3550	0.0853	-0.0517
60	0.2112	0.1030	-0.0388
70	0.1079	0.1167	-0.0320
80	0.0380	0.1245	-0.0303
90	0.0000	0.1250	-0.0313
100	-0.0266	0.1245	-0.0338
110	-0.0755	0.1167	-0.0382
120	-0.1478	0.1030	-0.0491
130	-0.2485	0.0853	-0.0729
140	-0.3908	0.0659	-0.1212
150	-0.6092	0.0473	-0.2217
160	-1.0114	0.0320	-0.4724
170	0.5746	0.0220	-0.5000
180	0.0000	0.0185	0.0000

Reynolds Number: 8e6
BV Dyn. Stall Model - Positive Stall AOA (deg): 10.0
BV Dyn. Stall Model - Negative Stall AOA (deg): -10.0
LB Dyn. Stall Model - Lift Coeff. Slope at Zero Lift AOA (per radian): 6.131
LB Dyn. Stall Model - Positive Critical Lift Coeff.: 1.82
LB Dyn. Stall Model - Negative Critical Lift Coeff.: -1.82
AOA (deg) CL CD Cm25
-180	0.0000	0.0184	0.0000
-170	-0.5705	0.0214	0.4000
-160	1.0870	0.0300	0.0040
-150	0.6502	0.0431	0.0554
-140	0.4131	0.0589	0.0508
-130	0.2594	0.0755	0.0393
-120	0.1517	0.0905	0.0306
-110	0.0756	0.1020	0.0265
-100	0.0256	0.1083	0.0260
-90	0.0000	0.1084	0.0271
-80	-0.0256	0.1083	0.0295
-70	-0.0756	0.1020	0.0344
-60	-0.1517	0.0905	0.0465
-50	-0.2594	0.0755	0.0730
-40	-0.4131	0.0589	0.1264
-30	-0.6502	0.0431	0.2369
-25	-0.8290	0.0361	-0.0227
-24.5	-0.8505	0.0354	-0.0263
-24	-0.8727	0.0348	-0.0294
-23.5	-0.8958	0.0341	-0.0323
-23	-0.9198	0.0335	-0.0344
-22.5	-0.9448	0.0329	-0.0361
-22	-0.9709	0.0323	-0.0376
-21.5	-0.9980	0.0317	-0.0386
-21	-1.0264	0.0311	-0.0391
-20.5	-1.0560	0.0306	-0.0394
-20	-1.0870	0.0300	-0.0393
-19.5	-1.1195	0.0295	-0.0390
-19	-1.1536	0.0289	-0.0383
-18.5	-1.1894	0.0284	-0.0373
-18	-1.6745	0.0259	-0.0362
-17.5	-1.6513	0.0236	-0.0348
-17	-1.6288	0.0214	-0.0331
-16.5	-1.6002	0.0197	-0.0314
-16	-1.5720	0.0181	-0.0294
-15.5	-1.5405	0.0168	-0.0274
-15	-1.5077	0.0156	-0.0253
-14.5	-1.4750	0.0146	-0.0228
-13.5	-1.3884	0.0128	-0.0210
-13	-1.3544	0.0121	-0.0177
-12.5	-1.3146	0.0115	-0.0153
-12	-1.2742	0.0110	-0.0130
-11.5	-1.2317	0.0105	-0.0109
-11	-1.1874	0.0101	-0.0089
-10.5	-1.1461	0.0097	-0.0063
-10	-1.0986	0.0093	-0.0049
-9.5	-1.0483	0.0090	-0.0039
-9	-0.9970	0.0087	-0.0032
-8.5	-0.9457	0.0084	-0.0024
-8	-0.8936	0.0082	-0.0017
-7.5	-0.8407	0.0079	-0.0011
-7	-0.7874	0.0076	-0.0006
-6.5	-0.7334	0.0074	-0.0002
-6	-0.6788	0.0072	0.0000
-5.5	-0.6237	0.0070	0.0003
-5	-0.5682	0.0069	0.0004
-4.5	-0.5124	0.0067	0.0005
-4	-0.4563	0.0066	0.0006
-3.5	-0.3998	0.0065	0.0006
-3	-0.3431	0.0064	0.0006
-2.5	-0.2862	0.0063	0.0005
-2	-0.2292	0.0062	0.0005
-1.5	-0.1721	0.0062	0.0004
-0.5	-0.0574	0.0061	0.0001
0	0.0000	0.0061	0.0000
0.5	0.0574	0.0061	-0.0001
1	0.1148	0.0061	-0.0003
1.5	0.1721	0.0061	-0.0004
2	0.2293	0.0062	-0.0005
2.5	0.2863	0.0063	-0.0005
3	0.3432	0.0064	-0.0006
3.5	0.3999	0.0065	-0.0006
4	0.4563	0.0066	-0.0006
4.5	0.5125	0.0067	-0.0006
5	0.5683	0.0069	-0.0005
5.5	0.6238	0.0071	-0.0003
6	0.6789	0.0072	-0.0001
6.5	0.7336	0.0074	0.0002
7	0.7876	0.0076	0.0006
7.5	0.8409	0.0079	0.0011
8	0.8939	0.0082	0.0016
9	0.9975	0.0087	0.0031
9.5	1.0487	0.0090	0.0038
10	1.0991	0.0093	0.0048
10.5	1.1468	0.0097	0.0062
11	1.1882	0.0101	0.0088
11.5	1.2326	0.0105	0.0107
12	1.2752	0.0110	0.0128
12.5	1.3158	0.0115	0.0151
13	1.3559	0.0121	0.0174
13.5	1.3899	0.0128	0.0207
14.5	1.4763	0.0146	0.0225
15	1.5093	0.0156	0.0250
15.5	1.5424	0.0168	0.0271
16	1.5742	0.0181	0.0290
16.5	1.6026	0.0197	0.0310
17	1.6313	0.0214	0.0326
17.5	1.6543	0.0235	0.0344
18	1.6778	0.0258	0.0357
18.5	1.6991	0.0284	0.0368
20	1.5529	0.0300	-0.0057
30	0.9289	0.0431	-0.0783
40	0.5902	0.0589	-0.0702
50	0.3705	0.0755	-0.0517
60	0.2167	0.0905	-0.0370
70	0.1080	0.1020	-0.0289
80	0.0365	0.1083	-0.0265
90	0.0000	0.1084	-0.0271
100	-0.0256	0.1083	-0.0295
110	-0.0756	0.1020	-0.0344
120	-0.1517	0.0905	-0.0465
130	-0.2594	0.0755	-0.0730
140	-0.4131	0.0589	-0.1264
150	-0.6502	0.0431	-0.2369
160	-1.0870	0.0300	-0.5119
170	0.5705	0.0214	-0.5000
180	0.0000	0.0184	0.0000